1290
1290
1131
1301
1290
1222
1346
1369
1357
1369
1369
1448
1369
1357
1312
1301
1301
1210
1188
1324
1199
1290
1244
1324
1222
1301
1324
1538
1629
1369
1403
1324
1312
1335
1425
1527
1448
1505
1471
1550
1425
1448
1391
1380
1391
1391
1391
1391
1403
1471
1425
1516
1437
1471
1493
1459
1448
1448
1403
1471
1527
1437
1516
1787
1448
1516
1459
1505
1425
1493
1697
1572
1674
1776
1663
1674
1663
1652
1663
1663
1685
1719
1810
1731
1493
1776
1595
1652
1629
1572
1538
1516
1550
1538
1561
1561
1855
1776
1663
1991
1765
1810
1889
1719
1674
2025
1674
1674
2014
1719
1640
1663
1618
1561
1550
1561
1561
1561
1572
1550
1810
1866
1606
1640
1912
1606
1844
1957
1572
1640
1900
1844
1833
1946
1663
1618
1538
1640
1595
1572
1572
1652
1550
1538
1685
1866
1606
1697
1923
1471
1719
1753
1674
1618
1640
1674
1674
1640
1618
1584
1618
1448
1550
1538
1459
1584
1505
1493
1742
1787
1550
1765
1731
1685
1878
1629
1753
2036
1505
1810
2014
1708
1697
1753
1629
1821
1527
1652
1753
1471
1742
1663
1663
1663
1674
1674
1697
1719
1674
1606
1810
1550
1697
1878
1516
1776
1719
1652
1821
1493
1663
1618
1595
1618
1629
1550
1584
1584
1584
1595
1629
1674
1685
1640
1663
1652
1629
1505
1776
1663
1640
1866
1471
1663
1595
1561
1572
1685
1697
1618
1855
1776
1833
1482
1324
1312
1324
1324
1572
2206
1719
1765
1968
1821
1776
1799
1719
1697
1561
1674
1595
1731
1538
1606
1923
1753
1753
1731
1685
1652
1629
1572
1674
1652
1742
1719
1731
1652
1584
1629
1652
1505
1561
1606
1561
1595
1584
1606
1753
1765
1708
1719
1674
1652
1663
1550
1584
1652
1663
1753
1753
1731
1584
1572
1572
1505
1391
1437
1391
1505
1471
1493
1776
1606
1618
1640
1482
1448
1391
1425
1493
1369
1369
1652
1629
1505
1403
1369
1380
1301
1312
1290
1312
1414
1380
1403
1663
1584
1516
1584
1482
1663
1493
1606
1595
1584
1584
1674
1674
1391
1459
1459
1448
1391
1312
1380
1312
1380
1380
1324
1391
1380
1459
1391
1380
1312
1357
1324
1324
1357
1391
1482
1425
1471
1425
1437
1380
1391
1312
1312
1312
1312
1312
1312
1188
1165
1312
1165
1312
1301
1312
1312
1301
1290
1312
1312
1301
1312
1301
1312
1290
1176
1165
1312
1165
1176
1312
1165
1380
1369
1380
1403
1380
1324
1312
1301
1324
1301
1301
1312
1391
1391
1312
1369
1301
1312
1324
1312
1312
1324
1369
1346
1629
1652
1516
1482
1550
1505
1516
1471
1538
1482
1550
1561
1572
1482
1380
1448
1369
1369
1312
1290
1312
1301
1380
1380
1629
1652
1572
1471
1527
1380
1437
1459
1471
1414
1493
1595
1663
1459
1471
1505
1437
1380
1312
1301
1369
1312
1448
1380
1640
1640
1527
1550
1493
1527
1527
1471
1550
1471
1437
1516
1572
1403
1391
1369
1335
1301
1312
1312
1176
1312
1335
1312
1425
1538
1425
1403
1459
1369
1391
1346
1301
1391
1403
1459
1471
1391
1312
1369
1312
1369
1312
1312
1312
1391
1312
1312
1391
1391
1357
1391
1380
1380
1312
1391
1380
1380
1380
1380
1471
1471
1448
1448
1391
1369
1391
1403
1391
1380
1312
1380
1312
1369
1391
1448
1403
1380
1380
1369
1391
1369
1391
1471
1448
1425
1459
1425
1425
1335
1312
1324
1312
1312
1369
1425
1652
1833
1595
1561
1629
1618
1550
1719
995
1889
1674
1697
1697
1538
1505
1482
1538
1357
1471
1301
1482
1301
1538
1459
1719
1719
1414
1946
1222
1505
1414
1527
2025
1685
1742
1844
1923
1697
1674
1765
1618
1787
1538
1652
1799
1516
1799
1663
1844
2070
1753
1889
2036
1731
1719
1799
1640
1844
1810
1821
1991
1833
1640
1900
1550
1685
1719
1527
1753
1731
1652
1640
1708
1991
1697
1697
1889
1584
1799
1708
1674
1889
1821
1663
1878
1753
1618
1640
1606
1516
1572
1459
1505
1493
1663
1550
1572
1776
1618
1640
1855
1448
1663
1753
1516
1753
1652
1640
1833
1629
1493
1561
1493
1482
1369
1459
1369
1437
1437
1403
1516
1618
1538
1584
1459
1505
1493
1561
1550
1471
1516
1561
1731
1527
1595
1640
1697
1550
1550
1550
1561
1584
1731
1595
1550
1595
1685
1844
1629
1618
1640
1606
1629
1629
1618
1663
1640
1640
1629
1663
1584
1606
1471
1618
1471
1538
1685
1618
1714
1770
1736
1612
1815
1545
1714
1951
1500
1860
1973
1511
1883
1872
1624
1635
1635
1556
1533
1567
1432
1477
1590
1590
1827
1759
1601
1804
1579
1522
1646
1635
1714
1815
1635
1646
1736
1793
1590
1545
1556
1387
1443
1421
1409
1398
1466
1545
1793
1646
1500
1612
1579
1612
1590
1545
1579
1500
1590
1522
1612
1421
1342
1353
1297
1319
1150
1319
1150
1319
1297
1297
1556
1488
1432
1387
1330
1308
1319
1161
1150
1150
1308
1150
1330
1297
1150
1297
1161
1308
1161
1297
1173
1150
1308
1285
1421
1409
1353
1364
1376
1342
1297
1297
1285
1308
1330
1342
1285
1342
1297
1297
1161
1161
1139
1150
1161
1150
1150
1161
1150
1161
1263
1274
1150
1139
1150
1049
1150
1150
1150
1161
1150
1161
1161
1161
1161
1161
1173
1161
1150
1161
1161
1139
1161
1161
1150
1229
1285
1150
1161
1139
1297
1139
1173
1285
1297
1297
1161
1285
1161
1285
1297
1173
1297
1297
1297
1319
1905
970
1353
1545
1500
1601
1060
1421
2142
1703
1646
1669
1680
1601
1488
1545
1533
1466
1443
1466
1454
1432
1556
1522
1680
1714
1646
1635
1646
1646
1624
1624
1646
1624
1703
1680
1657
1635
1601
1624
1612
1579
1567
1590
1522
1545
1691
1680
1770
1883
1804
1804
1703
1680
1793
1714
1748
1770
1714
1815
1759
1770
1556
1691
1545
1590
1500
1703
1533
1567
1827
1500
1962
1838
1827
1793
1827
1770
1759
1804
1759
1781
1759
1781
1860
1454
1815
1657
1522
1533
1466
1409
1488
1657
1533
1781
1691
1759
1511
1815
1601
1691
1680
1511
1781
1669
1669
1691
1804
1624
1488
1691
1342
1624
1432
1579
1364
1635
1342
1624
1680
1353
1680
1601
1556
1522
1657
1601
1466
1601
1646
1624
1624
1579
1579
1669
1703
1533
1443
1579
1567
1477
1533
1466
1511
1567
1657
1533
1500
1579
1454
1454
1477
1522
1556
1612
1579
1646
1703
1635
1533
1579
1635
1545
1590
1533
1736
1533
1815
1928
1590
1736
1748
1612
1567
1511
1500
1511
1488
1624
1669
1522
1533
1533
1466
1466
1409
1387
1421
1421
1556
1556
1669
1714
1646
1342
1466
1804
1319
1353
1477
1443
1319
1387
1973
1364
1364
1624
1511
1364
1342
1691
1319
1342
1556
1827
1511
1703
1860
1376
1432
1556
1624
1398
1511
1917
1376
1612
1827
1398
1342
1736
1206
1229
1488
1263
1229
1387
1443
1285
1815
1612
1454
1443
1759
1387
1376
1500
1657
1218
1218
1680
1319
1308
1409
1319
1274
1308
1319
1195
1342
1319
1308
1466
1736
1466
1590
1759
1308
1342
1635
1387
1387
1511
1590
1409
1432
1567
1285
1297
1353
1353
1206
1285
1330
1128
1353
1376
1240
1376
1500
1229
1252
1579
1173
1161
1409
1094
1274
1601
1308
1364
1500
1443
1285
1398
1432
1173
1308
1511
1240
1297
1612
1229
1229
1669
1206
1274
1387
1240
1161
1263
1173
1082
1342
1432
1128
1274
1454
1105
1184
1387
1128
1116
1545
1184
1454
1556
1556
1274
1218
1567
1082
1105
1421
925
947
1297
1082
1049
1139
1128
1037
1049
1105
857
936
1116
1003
1071
1421
1150
1060
1308
1105
1037
1116
1139
1003
1105
1285
902
970
1161
1082
913
1015
1139
823
913
1206
868
1049
1297
1128
1128
1082
1319
992
958
1049
992
857
947
925
879
1015
1003
868
879
1003
879
925
913
891
857
1015
1015
1139
1015
1015
891
958
913
857
925
936
868
879
992
1026
879
868
992
868
868
925
902
857
846
1015
1015
1128
1015
902
992
868
857
992
1026
1139
1150
1161
1150
1150
1015
1037
1003
1026
1026
1037
891
1026
1015
1015
1026
1015
1026
1015
902
958
902
767
823
879
767
755
846
879
868
879
857
879
846
891
958
879
868
1003
879
1003
868
992
879
744
767
710
733
823
789
789
879
868
868
1026
891
1015
879
1015
902
958
947
1139
1026
1144
1447
1257
1167
1021
1133
1010
1010
1021
998
875
1010
1010
1055
1043
1077
998
1021
1010
1021
1133
1021
1156
1144
1358
1234
1189
1144
1144
1144
1156
1144
1144
1156
1144
1144
1156
1133
1156
1156
1156
1156
1156
1167
1156
1156
1156
1537
1234
1660
1257
1313
1223
1189
1133
1156
1144
1010
1021
1144
1156
1178
1167
1144
1144
1021
1156
1021
1144
1144
1156
1301
1503
1223
1358
1313
1178
1257
1178
1144
1156
1200
1144
1156
1133
1313
1223
1144
1257
1290
1156
1257
1144
1313
1178
1548
1245
1627
1391
1414
1245
1470
1234
1391
1301
1268
1156
1279
1223
1313
1301
1313
1178
1335
1234
1212
1481
1178
1458
1324
1402
1402
1324
1503
1144
1391
1380
1212
1391
1313
1402
1358
1526
1257
1638
1481
1324
1582
1234
1559
1481
1324
1627
1593
1223
1604
1604
1402
1391
1402
1402
1324
1447
1178
1369
1223
1402
1414
1571
1559
1245
1638
1503
1279
1604
1627
1604
1616
1660
1627
1616
1638
1649
1593
1638
1616
1178
1638
1167
1593
1200
1593
1627
1290
1503
1571
1212
1616
1290
1492
1638
1604
1627
1660
1616
1604
1627
1548
1245
1616
1414
1391
1391
1402
1604
1571
1189
1593
1447
1335
1593
1178
1604
1313
1458
1616
1582
1582
1604
1616
1380
1380
1548
1212
1604
1515
1290
1571
1616
1458
1324
1447
1301
1402
1369
1156
1301
1380
1144
1604
1582
1638
1571
1627
1481
1301
1313
1279
1178
1257
1290
1402
1593
1627
1616
1593
1200
1571
1638
1335
1436
1638
1559
1212
1638
1604
1616
1616
1593
1638
1604
1638
1582
1604
1604
1582
1627
1571
1369
1414
1627
1234
1548
1301
1470
1313
1458
1402
1391
1559
1212
1571
1200
1492
1279
1335
1458
1234
1481
1223
1492
1301
1402
1369
1346
1436
1167
1380
1358
1167
1402
1358
1257
1391
1279
1414
1358
1436
1313
1380
1402
1301
1458
1178
1582
1290
1492
1178
1537
1212
1313
1391
1167
1380
1380
1156
1593
1481
1313
1593
1234
1548
1178
1425
1099
1358
1021
1144
1313
1200
1234
1144
1234
1156
1156
1144
1156
1156
1156
1144
1301
1268
1301
1290
1156
1223
1156
1245
1156
1189
1167
1144
1156
1156
1156
1156
1156
1290
1156
1279
1167
1313
1313
1200
1627
1167
1470
1189
1245
898
1144
1066
853
875
875
864
1010
1032
1021
1021
1032
987
920
1021
1010
1032
1144
1021
1290
1189
1156
1010
886
785
830
696
752
673
639
662
864
785
830
875
853
875
875
830
853
808
965
886
1010
875
875
886
853
606
707
673
707
550
617
673
729
740
752
763
785
797
808
740
774
774
875
752
864
763
752
707
684
516
561
628
628
606
628
718
718
696
696
718
696
673
662
707
864
707
729
696
785
729
606
606
628
572
729
696
617
516
617
628
684
729
707
696
707
752
707
752
718
853
729
875
864
864
841
740
707
729
718
628
673
595
651
606
696
696
752
729
797
785
752
864
797
853
998
875
1021
1021
763
808
752
729
707
595
628
651
628
561
684
707
718
740
740
718
662
696
774
819
853
875
965
920
785
684
718
696
572
527
628
438
561
516
561
639
583
550
572
651
651
662
673
662
696
696
853
752
740
617
550
595
438
56
0
0
34
0
34
0
0
45
11
0
45
0
0
34
0
45
0
0
1167
808
101
1313
1402
1144
1133
1144
1133
864
965
920
853
875
864
853
875
718
875
853
1010
864
0
898
808
797
740
819
0
752
797
875
774
819
864
774
864
875
763
819
841
774
886
841
886
853
853
920
841
785
864
774
819
875
752
875
875
875
853
853
864
875
718
864
740
864
740
875
740
853
886
1021
808
797
864
729
864
740
718
763
740
707
763
740
752
752
740
752
752
707
752
875
718
875
920
606
606
494
505
505
550
505
460
572
729
774
808
684
740
718
774
740
729
718
875
718
841
797
898
864
729
718
740
673
718
830
684
763
841
740
752
729
841
785
718
853
718
864
752
931
797
899
1002
1036
899
888
888
888
911
820
911
899
797
888
899
876
1002
899
876
1024
876
1024
899
1104
1047
1081
1150
1013
990
854
831
854
706
672
717
649
660
694
728
797
774
717
774
831
728
740
865
774
888
865
888
728
751
683
615
649
660
649
637
649
660
728
740
785
808
740
728
774
842
740
728
876
740
865
842
751
717
694
706
694
683
694
728
660
649
649
751
865
751
740
888
740
728
831
774
876
740
945
945
876
888
888
740
831
717
717
672
683
717
751
706
888
774
808
797
888
865
888
876
911
1002
1036
1081
1024
751
774
683
637
660
637
626
546
501
546
603
603
615
649
592
626
649
683
683
820
740
876
876
808
728
603
546
569
524
444
410
478
387
262
159
706
592
603
615
615
524
546
569
649
637
649
683
660
626
524
501
524
524
410
444
535
182
0
0
34
216
23
80
46
11
11
11
11
0
23
11
34
637
649
615
535
285
0
0
0
0
0
0
0
11
0
0
23
23
239
11
23
0
11
34
0
11
68
546
512
524
524
91
0
0
0
0
0
0
0
11
23
34
11
11
23
0
11
34
0
0
0
0
0
0
0
0
0
0
0
0
0
0
0
0
0
0
0
0
0
0
0
0
0
0
0
0
0
0
0
0
0
0
0
0
0
0
0
0
0
0
0
0
0
0
0
0
0
0
0
0
0
0
0
0
0
0
0
0
0
0
0
0
0
0
0
0
0
0
0
0
0
0
0
0
0
0
0
0
0
0
0
0
0
0
0
0
0
0
0
0
0
0
0
0
0
0
0
0
0
0
0
0
0
0
11
0
376
535
91
0
0
0
0
0
0
0
0
0
0
0
0
0
0
0
0
0
0
0
0
0
0
0
0
0
0
0
0
0
0
0
0
0
0
0
0
0
0
0
0
0
0
0
0
0
0
0
0
0
0
0
0
0
0
0
0
0
0
0
0
0
0
0
0
0
0
0
0
0
0
0
0
0
0
0
0
0
0
0
0
0
23
0
0
0
0
0
11
0
0
0
23
0
0
0
0
0
0
0
0
0
0
0
0
11
0
0
0
0
11
0
0
11
0
0
0
0
34
11
23
0
398
660
706
717
706
740
854
23
0
11
11
0
11
11
11
11
0
0
0
11
23
11
0
68
694
694
694
706
728
763
899
888
876
728
740
751
683
683
580
34
148
0
0
0
0
0
0
0
0
11
11
11
0
11
0
11
11
0
0
0
68
0
11
0
0
0
11
0
11
0
0
0
0
0
0
11
0
0
11
0
0
0
0
0
0
0
205
0
0
0
0
0
0
0
11
0
0
0
0
91
0
0
11
0
11
0
11
0
11
46
68
0
0
0
0
0
0
0
11
0
11
0
0
0
0
319
376
433
376
296
307
250
34
0
0
0
0
11
0
0
0
0
0
0
11
23
23
0
0
0
0
0
11
46
11
11
11
68
0
0
23
0
11
0
0
0
0
0
11
0
11
11
11
0
0
0
0
0
11
11
11
80
0
0
0
0
0
0
0
216
763
592
535
546
615
637
57
0
0
0
0
0
0
11
0
0
0
0
0
0
0
0
0
0
0
0
0
0
0
0
11
11
68
137
125
46
0
91
125
68
34
46
57
80
125
125
159
171
148
171
171
205
182
182
205
125
0
0
0
34
11
0
23
0
11
0
34
0
0
0
11
11
11
0
0
11
46
0
0
0
57
23
11
11
0
34
11
0
11
11
57
0
0
34
23
11
183
240
285
285
171
0
0
69
251
160
206
69
0
0
11
11
0
34
0
0
0
0
0
0
0
0
0
0
0
0
0
0
11
11
34
46
23
11
11
34
69
34
34
11
34
11
11
91
251
240
23
46
23
34
11
34
11
23
11
23
240
468
194
194
160
11
11
23
0
23
11
0
57
0
23
0
331
274
23
34
468
217
23
228
11
34
11
46
23
708
11
11
11
0
23
11
46
11
34
11
11
46
34
137
23
34
46
0
11
11
103
46
34
34
11
0
23
0
23
23
228
993
902
708
1016
993
776
868
971
1005
971
708
811
594
674
0
126
23
11
57
23
34
11
34
23
285
34
23
34
34
34
57
0
0
0
0
0
11
34
80
57
34
91
46
400
617
582
651
662
708
582
628
731
662
594
822
548
982
537
765
719
571
685
674
548
628
651
822
560
742
639
685
571
697
674
719
605
605
811
582
914
674
845
651
491
639
651
537
514
251
0
11
11
23
11
171
34
34
46
34
217
80
103
34
80
69
34
91
34
23
46
23
80
57
69
57
91
46
11
34
11
23
11
0
34
11
23
11
308
971
742
959
708
879
868
776
914
685
400
457
400
1302
902
617
914
662
891
662
834
685
754
936
925
914
959
788
811
765
982
993
719
822
879
959
959
822
651
925
697
868
674
788
765
708
834
811
811
765
902
765
685
811
685
822
674
765
685
822
697
708
845
685
879
685
834
697
822
765
731
891
708
856
811
708
697
742
525
662
571
582
548
674
525
571
651
719
582
765
651
708
628
788
697
742
856
514
457
400
1622
491
582
754
685
525
594
582
617
708
674
708
548
719
651
719
742
639
765
868
731
799
834
719
697
708
697
731
685
548
685
628
628
560
662
525
719
754
765
582
719
731
765
719
902
891
765
765
708
662
571
674
674
742
582
731
765
674
674
719
697
719
731
639
651
731
685
834
674
754
948
651
799
799
697
708
788
731
697
697
788
811
594
674
742
674
708
742
525
742
697
719
708
719
799
719
697
548
617
594
468
468
548
434
434
468
491
548
594
651
662
502
674
628
685
674
560
628
525
411
228
11
11
11
11
11
0
0
11
0
0
0
0
0
0
91
34
34
11
0
0
0
0
0
0
0
0
0
11
0
23
34
11
34
0
11
0
0
0
0
11
0
34
69
126
57
69
80
57
103
11
0
0
0
0
0
0
11
57
57
57
103
23
0
0
0
0
0
0
0
0
0
0
0
0
0
0
46
11
11
0
11
0
0
0
0
0
0
0
0
0
0
0
0
0
0
0
0
0
0
0
0
0
0
0
0
0
11
0
0
0
0
0
0
0
0
0
0
11
11
0
0
320
400
114
34
91
80
91
80
91
103
148
114
137
103
114
114
160
160
137
137
69
114
57
46
57
34
23
0
0
103
57
91
91
137
160
126
126
137
114
126
171
114
80
126
34
0
0
0
0
46
23
11
0
0
0
23
34
34
0
0
11
0
23
23
80
11
11
69
91
103
69
69
91
46
91
80
69
114
69
114
80
126
137
126
137
160
103
0
114
34
0
0
23
206
206
194
160
171
148
171
148
183
148
148
126
126
148
137
137
148
148
137
148
183
204
147
192
124
90
136
90
68
79
68
79
79
45
113
124
113
79
0
11
0
23
34
0
0
23
11
34
113
147
124
57
0
11
34
11
0
11
11
23
11
34
23
23
0
34
45
0
57
11
57
57
45
34
45
23
0
23
11
0
23
0
23
57
23
34
45
0
0
0
68
90
0
0
0
0
0
11
0
0
45
23
11
0
0
0
11
0
11
0
57
79
79
124
113
147
170
147
68
34
11
11
68
0
0
11
0
0
0
11
0
0
0
0
0
0
34
23
23
45
11
0
11
34
11
0
0
34
79
68
45
79
34
79
34
57
0
0
0
11
11
0
11
11
23
45
34
34
0
68
11
11
0
0
0
23
23
11
23
0
0
0
0
0
0
0
0
11
23
34
23
11
0
45
11
11
0
45
0
11
0
0
0
11
57
0
0
45
204
57
68
90
79
57
79
68
34
79
34
79
79
34
90
45
68
45
68
90
34
113
57
79
57
90
90
57
102
90
102
57
79
45
79
68
0
0
11
11
0
0
0
0
0
0
23
34
79
68
68
90
102
23
113
68
79
34
57
79
79
34
79
34
79
45
68
79
34
79
34
79
45
68
79
34
124
57
68
68
68
57
68
79
34
79
34
79
68
45
79
34
102
90
102
68
102
102
102
79
113
102
57
102
34
68
79
79
102
34
68
34
79
68
90
57
90
113
102
79
102
113
124
136
147
136
124
68
90
79
57
79
79
57
79
57
57
68
68
34
79
102
90
90
113
113
113
102
170
124
136
90
158
79
57
79
79
45
79
68
45
68
45
68
68
45
113
68
113
102
90
102
124
170
136
113
124
68
79
79
90
68
79
90
79
45
68
90
23
113
79
102
90
90
90
113
136
136
113
0
23
0
339
294
102
90
102
57
136
136
79
90
102
102
90
90
113
113
102
90
124
147
136
147
113
102
57
90
68
68
45
68
23
79
68
79
113
113
124
113
124
113
102
102
147
124
136
147
90
113
90
68
68
113
68
23
192
57
79
124
124
181
113
147
147
170
136
124
181
158
90
170
79
102
57
113
68
68
90
68
79
90
68
147
113
102
113
113
113
158
124
136
136
238
204
249
192
181
124
158
147
79
136
113
113
113
68
113
124
124
181
113
147
158
170
147
215
294
204
192
170
124
113
90
90
90
113
102
102
102
34
79
124
113
136
124
124
181
113
204
181
260
158
136
136
79
79
79
90
45
79
23
79
68
68
57
23
136
113
102
90
113
147
136
181
204
113
124
90
45
68
45
79
34
68
68
68
68
45
57
34
68
90
102
102
113
113
124
113
158
68
68
79
23
68
79
45
34
90
57
23
79
68
23
79
57
34
124
68
90
90
102
90
68
79
23
79
68
68
57
23
68
90
23
57
79
34
57
79
45
34
90
79
90
68
90
90
57
79
34
57
90
57
34
79
68
23
79
57
34
79
57
23
79
68
23
79
79
68
68
113
79
45
45
68
68
68
34
68
34
68
79
11
68
90
11
68
79
11
90
90
68
79
68
90
68
68
23
68
68
68
45
23
90
57
23
90
57
23
79
57
34
79
57
23
102
57
45
90
45
57
68
68
45
23
90
57
23
79
57
23
90
57
34
79
57
23
79
57
23
113
45
102
57
68
68
57
23
0
11
0
0
0
0
0
0
0
11
0
0
0
0
0
0
0
0
57
80
57
23
80
57
23
80
57
34
80
80
11
68
68
57
23
80
57
23
80
57
23
80
80
45
34
80
45
34
80
45
23
80
57
23
80
57
23
80
57
23
80
57
23
80
45
34
80
45
34
91
34
45
91
23
57
80
11
68
91
0
80
57
23
80
57
23
91
57
23
80
68
68
45
23
80
68
23
80
57
23
80
57
34
91
57
23
80
57
23
91
57
23
80
68
45
57
80
68
68
80
102
102
34
80
57
23
80
57
34
80
68
23
114
57
57
80
91
91
125
148
102
80
57
57
34
0
0
0
0
11
11
0
23
91
34
0
0
0
0
0
68
80
91
136
68
91
68
11
68
91
0
80
68
23
80
68
23
80
57
23
91
57
23
80
57
45
68
91
80
23
57
91
11
68
91
11
68
80
57
23
80
57
23
80
57
23
91
80
11
80
80
57
23
80
57
23
80
80
0
80
45
23
80
45
34
68
0
80
80
11
80
57
23
80
57
23
91
45
34
80
57
23
80
57
23
80
23
57
80
0
80
57
23
80
57
23
80
57
23
68
80
34
45
80
0
80
80
0
91
57
23
80
57
34
80
57
23
80
57
80
57
45
102
34
57
80
45
34
80
45
34
80
11
68
80
0
91
57
23
80
57
23
80
57
23
80
68
57
23
80
57
23
80
57
23
80
23
68
68
0
80
68
23
80
57
23
91
80
68
45
57
68
57
23
80
57
23
80
57
23
80
57
34
80
57
23
80
57
23
91
80
68
34
80
102
91
80
23
80
57
23
91
57
23
80
34
57
80
0
80
68
11
80
57
34
80
57
23
80
57
23
80
57
23
91
57
23
80
68
23
80
57
23
91
23
57
91
80
91
68
57
125
114
114
57
23
80
57
23
91
57
23
57
91
23
57
102
0
80
68
23
102
91
80
91
102
136
114
80
57
80
34
23
68
80
68
57
34
80
45
23
80
80
11
91
57
34
125
68
102
125
114
91
45
80
34
34
57
91
57
57
11
57
68
57
68
57
23
91
57
23
91
57
45
91
80
68
0
91
68
23
80
68
23
57
68
80
0
57
80
68
23
80
57
23
91
45
45
68
68
68
68
57
23
91
57
45
23
57
91
68
57
23
102
57
23
136
34
57
68
91
80
80
91
102
125
114
102
102
80
68
80
91
80
68
148
125
102
80
102
114
102
91
91
114
102
114
102
102
102
102
68
68
68
23
102
57
23
91
57
23
91
80
125
45
125
114
125
125
102
170
170
0
102
68
23
102
57
23
68
91
45
23
80
68
114
80
91
114
68
102
114
102
114
159
102
148
114
102
102
91
23
80
91
91
68
102
114
114
114
80
114
125
136
125
114
102
148
170
148
102
91
102
102
91
91
80
68
80
80
68
68
68
34
114
102
102
102
102
114
114
114
170
148
102
148
136
148
114
114
91
125
91
91
80
91
57
34
159
57
91
114
80
91
102
125
125
159
136
159
114
102
91
159
102
91
193
91
148
80
91
136
114
91
114
114
114
136
102
102
182
204
136
125
125
114
91
91
91
68
34
91
80
91
57
34
102
102
114
114
148
102
125
148
125
148
80
68
23
102
68
23
80
68
23
91
57
23
91
68
45
34
91
114
80
68
91
125
68
79
45
68
79
68
23
79
57
34
79
45
34
79
34
57
79
11
79
79
11
79
102
68
91
91
91
79
57
79
45
57
79
79
79
68
79
57
57
79
79
124
68
124
91
102
113
124
170
124
158
136
102
79
102
91
91
91
68
79
79
79
45
79
113
79
91
113
124
124
147
124
158
215
113
124
113
102
79
79
79
68
79
57
79
79
34
68
68
68
68
91
102
68
91
102
147
124
147
136
124
158
91
113
79
79
91
91
158
136
102
91
113
102
124
136
91
102
147
91
226
181
204
91
181
102
124
91
102
91
79
91
91
91
34
91
113
102
124
113
158
113
147
124
192
181
113
113
113
23
79
68
79
79
45
45
57
113
23
57
91
23
113
79
34
102
124
68
91
102
91
45
57
102
57
23
91
68
23
91
57
34
79
79
23
91
91
91
102
102
102
124
170
147
102
124
91
91
45
91
79
57
45
57
91
45
45
91
68
79
102
136
91
102
113
170
147
147
102
91
79
79
45
91
79
34
57
91
11
68
91
0
91
79
0
91
79
0
91
79
79
79
91
79
57
91
45
79
68
57
23
102
57
34
79
68
23
79
68
23
79
79
79
91
124
102
136
91
91
68
91
91
91
91
79
79
91
79
34
79
113
68
79
79
102
113
102
124
113
192
192
136
124
91
68
102
91
57
68
91
57
45
79
79
79
113
102
102
91
113
124
136
147
136
124
113
79
34
79
68
68
45
79
23
68
68
68
23
102
57
23
91
124
68
91
102
91
102
91
79
79
68
11
79
91
23
57
91
102
23
91
91
124
102
102
124
113
91
113
102
102
79
147
113
170
124
136
113
147
113
113
124
136
170
124
91
102
102
113
113
124
79
124
124
102
215
192
181
181
113
113
102
124
102
147
113
136
124
57
91
147
113
79
91
102
102
68
91
124
192
136
204
102
147
113
102
113
102
102
91
102
91
57
68
124
102
91
91
57
102
91
102
91
170
113
192
158
124
34
124
113
102
57
79
79
68
79
23
113
102
113
113
68
91
113
124
113
249
113
147
124
91
79
79
57
23
91
57
23
91
57
34
91
57
91
79
68
102
113
68
102
91
23
102
57
34
79
57
34
79
45
34
91
23
68
91
0
79
91
0
79
79
11
79
91
91
68
57
34
79
34
57
79
11
79
79
0
91
57
34
91
57
79
79
57
91
68
68
68
68
91
79
91
34
68
91
45
34
91
45
45
79
34
57
79
34
57
79
23
68
79
23
102
91
91
102
124
113
113
91
102
91
79
91
79
91
23
147
91
102
102
102
91
113
102
102
102
192
113
136
102
113
102
91
79
57
79
68
57
68
79
34
91
124
91
68
79
113
57
91
113
68
113
79
45
57
102
57
23
91
45
45
79
34
57
79
23
68
79
11
79
79
11
79
91
23
57
79
91
57
79
79
45
23
91
68
79
102
102
91
79
68
91
124
113
91
91
124
124
124
79
102
102
113
57
68
113
57
91
113
11
68
124
113
113
147
113
124
113
113
124
113
158
124
113
102
68
113
68
79
79
91
57
113
79
91
113
113
136
124
124
113
158
158
124
124
147
249
249
181
283
170
283
170
283
192
215
170
158
204
91
136
124
147
136
147
102
147
170
170
113
283
226
260
181
147
170
158
136
113
147
124
113
113
124
91
102
158
124
158
158
170
158
147
192
343
263
274
171
171
160
103
114
91
126
91
91
103
57
114
137
160
148
114
126
160
160
160
171
286
251
240
183
137
148
69
91
91
91
103
80
91
114
91
103
103
114
114
80
126
126
137
148
206
263
183
183
126
126
80
91
91
91
91
80
80
57
126
34
126
126
114
103
91
160
148
126
148
126
137
57
91
80
57
34
69
69
69
57
57
34
114
114
114
91
126
148
137
114
160
126
183
91
160
91
103
57
91
69
34
80
23
69
69
69
80
126
114
126
114
103
114
126
137
160
251
206
217
171
126
103
126
103
91
46
0
0
0
0
0
0
0
0
0
0
0
0
0
0
0
0
0
1930
937
720
674
480
57
148
594
514
525
651
263
525
400
388
514
320
457
525
263
503
662
468
765
628
628
605
594
594
674
594
548
548
400
605
571
423
651
594
411
548
605
605
583
411
571
685
674
697
594
640
708
434
411
297
171
183
194
183
354
720
640
251
514
617
457
674
263
617
674
685
742
514
480
457
434
206
171
137
206
103
217
194
183
525
514
468
445
480
457
468
480
480
480
525
468
400
240
194
80
183
103
183
91
194
91
171
103
206
103
194
514
560
457
480
514
480
491
491
445
423
377
103
171
114
103
183
91
183
91
194
206
605
457
445
445
457
457
445
457
468
560
548
525
491
468
468
491
445
411
206
206
514
286
560
468
491
468
514
503
537
560
537
548
537
560
560
605
594
525
503
434
434
91
206
114
206
103
206
206
114
194
217
91
217
91
194
114
194
206
217
217
297
217
308
217
274
240
194
308
228
297
217
160
137
240
286
194
194
206
194
240
286
320
297
366
354
217
331
206
286
228
194
274
240
240
240
263
206
206
320
194
217
286
228
194
228
343
377
400
354
217
331
217
297
217
194
274
286
320
240
228
194
206
206
320
217
297
228
343
240
354
343
228
206
217
217
194
217
137
160
183
183
137
297
217
206
308
206
320
217
331
343
263
343
354
217
354
217
297
160
148
217
206
103
217
91
206
194
297
217
206
308
217
308
217
331
286
286
445
457
423
388
297
297
228
228
206
206
183
171
194
217
194
228
206
240
228
228
251
263
343
331
434
445
445
331
286
251
183
183
183
148
160
148
171
148
217
183
217
194
217
206
217
240
286
366
388
411
411
331
251
228
183
171
137
160
126
148
137
137
206
160
217
194
206
217
217
228
274
320
366
400
286
274
811
445
548
274
206
91
194
194
126
194
400
605
503
480
480
457
480
468
537
548
640
560
525
605
605
480
434
194
377
617
640
617
548
594
560
514
514
491
571
571
514
503
514
594
594
525
525
594
605
537
491
514
560
605
548
583
628
662
651
560
594
674
674
651
640
640
674
697
720
731
685
617
605
662
651
651
571
560
571
662
662
617
640
697
720
708
708
697
662
697
800
834
1074
925
891
834
571
685
720
708
628
594
674
720
708
617
605
662
651
617
594
674
662
640
617
651
845
891
891
800
857
868
891
777
788
822
834
765
788
765
685
697
685
662
605
617
674
697
674
674
742
845
868
834
742
800
754
777
651
628
651
674
651
651
628
674
674
697
685
651
651
651
697
708
868
845
788
845
822
754
674
742
754
788
674
685
754
720
685
605
594
628
640
628
583
537
514
594
674
674
629
674
709
640
526
606
583
503
469
560
617
549
537
583
594
617
526
549
572
606
617
572
560
572
629
594
560
514
492
446
469
446
423
446
514
514
537
537
514
503
572
594
560
560
594
617
640
640
594
537
503
503
457
412
343
114
160
171
114
194
114
366
674
503
480
492
503
514
549
572
629
572
606
594
492
423
263
206
160
149
206
103
206
229
606
480
469
492
492
480
434
434
446
492
560
560
480
469
492
469
423
91
206
103
194
583
537
492
537
514
469
469
503
560
560
492
503
594
686
686
663
674
572
457
446
446
309
206
91
206
183
652
446
446
480
492
480
457
434
446
526
560
560
583
617
572
469
480
480
526
492
423
412
480
514
526
469
434
423
434
446
457
492
457
514
503
537
617
629
503
446
446
446
457
492
423
423
457
492
526
492
480
446
457
480
480
560
549
503
526
606
594
503
492
549
492
469
480
446
412
400
434
423
480
583
572
503
503
594
629
549
560
640
663
606
594
663
663
572
503
480
457
446
412
434
457
503
549
492
514
503
594
617
560
560
583
652
663
777
743
846
743
629
812
926
686
560
663
594
537
697
594
629
686
663
606
652
697
720
652
686
789
972
857
960
892
766
720
755
674
617
674
617
594
709
743
606
640
720
743
674
663
789
789
720
960
972
983
1086
926
846
926
1029
812
720
766
766
686
823
846
732
720
823
835
709
789
812
869
812
972
983
777
1372
949
1040
800
183
1418
937
755
846
857
846
892
846
892
812
800
892
857
857
823
755
846
983
983
1006
869
869
903
869
732
846
892
823
892
915
903
732
766
800
800
720
732
800
812
732
766
846
880
766
823
869
846
755
823
835
835
732
846
880
835
743
857
892
892
823
835
880
903
949
869
835
926
926
926
937
835
835
880
880
915
800
823
926
903
926
823
835
869
880
835
812
880
903
937
1178
1143
1178
1132
1006
1166
1029
1132
1040
1132
880
1063
1143
1143
949
995
1029
949
892
1017
892
892
1086
1120
1143
1315
1075
1086
1143
1052
1075
983
1040
1132
1143
1143
1017
1132
880
937
1006
869
949
926
869
880
937
1120
1315
1166
1155
1178
1017
1143
983
1086
1063
983
1132
995
1212
1086
960
1075
995
903
1029
903
915
1052
915
1178
1189
1338
1315
1246
1075
1280
1063
1143
1006
1052
1006
960
1166
1097
1017
1086
972
1132
1040
1052
1120
1166
1097
1303
1360
1486
1360
1326
1155
1166
1029
1155
1143
1166
1017
1258
1235
1155
1166
1029
1178
1178
995
1200
1132
1063
1155
1200
1200
1303
1189
1143
1189
1132
915
972
892
869
835
926
1029
960
880
983
846
960
869
777
835
903
903
892
937
869
915
937
937
903
937
812
823
903
880
949
995
903
1063
926
983
972
880
1040
880
949
1029
1166
1326
1292
1303
1155
1315
1052
1155
995
1155
972
972
1120
1200
1017
972
1155
995
1040
1120
995
1166
1017
1155
1338
1452
1463
1486
1303
1155
1189
995
1166
960
949
1029
972
1178
1006
1086
995
892
1063
903
983
1109
995
995
1303
1292
1303
1178
1166
1143
1006
1040
1029
937
880
1063
983
1029
1075
880
880
835
846
789
812
869
869
983
1223
1166
1166
1246
1052
1097
880
835
915
812
880
892
995
1029
903
766
903
903
949
903
903
1029
949
1063
1292
1178
1292
1303
1166
1006
1086
903
846
789
709
743
869
983
800
857
857
766
846
857
880
857
812
846
892
892
892
949
972
937
812
766
777
686
594
686
743
812
720
743
800
812
674
720
789
726
726
777
812
823
766
880
903
732
663
720
697
617
572
640
732
709
663
766
789
697
697
743
755
697
697
789
835
1006
960
1130
1017
779
802
802
712
757
678
621
768
802
802
836
825
712
746
825
768
746
813
847
813
1073
983
1118
938
972
870
791
734
802
825
768
892
949
983
836
836
802
712
768
757
712
667
746
825
938
1039
881
859
768
802
667
734
768
689
723
825
734
779
746
655
633
667
689
655
599
633
678
610
723
825
712
678
768
633
633
667
542
644
565
655
644
565
667
587
542
633
621
542
610
655
554
667
746
712
757
768
667
644
712
633
633
655
542
678
700
610
678
700
689
599
610
689
678
599
621
700
678
621
610
667
700
667
542
599
678
621
587
678
712
768
678
655
700
734
723
723
678
689
779
813
734
757
813
847
791
757
825
836
791
734
768
847
892
791
802
847
847
802
746
791
813
813
768
1028
938
1107
1118
1096
926
904
949
994
983
847
847
972
1130
1118
859
960
847
847
836
836
881
791
813
870
1186
1107
1118
938
1096
779
779
802
847
723
791
892
926
926
881
813
768
712
802
813
768
723
779
859
994
949
1096
859
1005
847
746
836
813
813
1096
926
1028
881
847
881
802
791
859
915
802
802
881
949
1197
1141
1141
1118
949
994
881
1005
881
994
1005
1005
1085
1028
994
859
892
813
779
757
700
768
802
859
836
1118
960
994
870
802
768
825
802
768
859
949
813
892
802
667
633
667
689
689
576
621
667
633
576
655
689
689
576
542
633
610
520
531
599
565
576
700
678
644
576
655
667
610
576
667
678
712
712
678
746
757
712
576
508
587
542
463
474
610
565
531
587
610
542
587
655
565
610
667
599
633
802
836
847
859
859
791
892
1005
892
1005
892
1005
1005
1017
768
825
757
802
813
847
757
813
847
926
1118
1073
983
1062
1039
904
1051
892
1017
1005
1005
949
1073
1005
892
938
915
847
881
859
881
768
791
847
1288
1141
1141
1130
994
1118
983
1130
983
1141
1130
1118
972
1118
904
972
892
859
847
802
881
870
813
881
1209
1141
1141
1130
983
1039
1028
1017
938
1028
1039
1130
960
1141
904
847
983
870
859
847
802
892
870
983
1175
1141
1141
1005
1107
938
960
1017
870
870
1028
938
1096
994
915
972
870
847
994
881
881
1028
949
926
1017
1073
1017
1118
949
960
881
825
859
768
791
915
949
949
1051
960
1107
960
1039
1039
938
949
994
1017
983
1005
938
949
1118
960
1141
972
1017
1062
983
1118
1130
983
1085
994
983
1096
949
960
994
994
938
1017
1209
1265
1277
1277
1277
1130
1265
1152
1277
1265
1277
1265
1277
1265
1118
1118
994
1130
972
960
1107
960
1062
1039
1277
1277
1277
1277
1130
1310
1130
1288
1152
1277
1277
1277
1277
1277
1277
1152
1130
1085
1051
1051
1062
972
1152
994
1299
1356
1333
1344
1277
1277
1299
1277
1277
1164
1310
1277
1288
1333
1322
1164
1141
1141
1130
1152
1141
1130
1051
1243
1356
1423
1344
1277
1333
1288
1277
1277
1277
1322
1277
1390
1367
1480
1423
1288
1288
1288
1164
1164
1152
1164
1175
1310
1503
1480
1457
1367
1356
1390
1491
1344
1423
1423
1378
1525
1480
1593
1288
1288
1344
1288
1299
1141
1310
1299
1175
1299
1288
1480
1649
1401
1536
1288
1175
1322
1378
1390
1356
1356
1356
1367
1344
1288
1288
1288
1288
1288
1299
1152
1141
1333
1288
1288
1277
1299
1288
1288
1288
1288
1288
1152
1277
1277
1288
1333
1356
1356
1277
1277
1288
1277
1265
1175
1288
1288
1638
1593
1615
1672
1469
1559
1751
1378
1751
1423
1740
1638
1570
1559
1514
1457
1378
1401
1356
1378
1367
1310
1288
1390
1661
1649
1762
1604
1514
1627
1514
1548
1548
1548
1503
1649
1604
1706
1503
1446
1435
1367
1367
1299
1344
1344
1344
1446
1604
1743
1800
1640
1709
1800
1606
1720
1800
1618
1743
1811
1652
1766
1709
1606
1526
1538
1538
1526
1526
1378
1481
1526
1823
1652
1788
1823
1857
1709
1720
1777
1572
1720
1583
1766
1640
1720
1606
1640
1606
1526
1515
1321
1526
1515
1526
1549
1606
1811
1857
1731
1766
1777
1811
1652
1686
1709
1640
1800
1766
1709
1743
1549
1640
1674
1538
1549
1515
1538
1538
1538
1549
1629
1800
1868
1766
1697
1777
1561
1709
1515
1526
1583
1674
1549
1538
1526
1458
1469
1447
1458
1447
1356
1458
1504
1333
1492
1515
1538
1538
1356
1538
1526
1390
1469
1299
1447
1435
1412
1367
1378
1378
1367
1310
1310
1299
1310
1310
1299
1583
1504
1538
1583
1538
1549
1572
1538
1549
1629
1424
1754
1572
1526
1595
1424
1367
1378
1321
1310
1299
1299
1321
1299
1435
1652
1504
1572
1504
1504
1606
1481
1458
1538
1526
1515
1504
1583
1412
1356
1310
1310
1310
1299
1207
1321
1196
1321
1481
1504
1481
1481
1492
1435
1458
1401
1435
1447
1447
1390
1640
1515
1390
1321
1321
1321
1333
1321
1333
1207
1344
1344
1595
1549
1686
1674
1640
1640
1595
1720
1435
1731
1549
1731
1561
1583
1526
1481
1435
1424
1412
1344
1344
1344
1412
1401
1697
1572
1811
1561
1538
1572
1595
1492
1572
1686
1549
1561
1754
1526
1515
1492
1390
1390
1390
1333
1321
1321
1333
1321
1378
1492
1720
1526
1561
1378
1435
1447
1492
1526
1515
1367
1367
1321
1321
1310
1310
1310
1299
1185
1310
1173
1185
1299
1185
1310
1310
1310
1287
1310
1310
1299
1310
1310
1287
1310
1356
1299
1310
1310
1287
1321
1299
1310
1310
1299
1299
1412
1800
1652
1731
1823
1720
1640
1754
1572
1583
1526
1629
1561
1788
1663
1674
1526
1526
1526
1481
1390
1424
1458
1378
1424
1766
1629
1720
1811
1697
1709
1800
1754
1652
1766
1731
1686
1800
1857
1561
1629
1686
1526
1515
1333
1526
1526
1515
1515
1595
1823
1754
1743
1800
1845
1777
1720
1800
1845
1777
1766
1857
1948
1777
1595
1629
1709
1538
1538
1412
1481
1504
1526
1834
1652
1811
1845
1868
1720
1743
1800
1823
1663
1754
1868
1845
1709
1788
1766
1618
1697
1526
1572
1595
1583
1504
1492
1606
1777
1834
1663
1743
1811
1686
1686
1754
1629
1663
1800
1674
1800
1788
1561
1754
1549
1538
1538
1526
1538
1526
1538
1583
1777
1891
1788
1891
1948
1823
1754
1777
1811
1652
1720
1652
1652
1538
1629
1674
1538
1526
1526
1504
1515
1492
1515
1504
1538
1412
1606
1492
1412
1458
1504
1447
1356
1390
1561
1458
1390
1310
1356
1310
1344
1299
1310
1162
1310
1310
1356
1606
1583
1538
1629
1526
1538
1595
1709
1526
1526
1606
1549
1788
1549
1561
1424
1424
1390
1378
1333
1310
1310
1333
1367
1583
1401
1515
1515
1458
1378
1390
1310
1378
1321
1299
1367
1367
1344
1333
1310
1321
1310
1333
1310
1185
1196
1333
1196
1321
1310
1834
1572
1458
1367
1469
1435
1321
1481
1674
1640
1572
1743
1549
1378
1401
1424
1310
1321
1310
1310
1321
1310
1561
1549
1595
1652
1652
1526
1572
1606
1606
1504
1504
1549
1606
1629
1401
1321
1310
1321
1310
1310
1310
1299
1310
1321
1583
1538
1572
1743
1663
1686
1720
1731
1663
1811
1595
1834
1709
1697
1595
1538
1549
1447
1390
1492
1492
1492
1515
1526
1526
1515
1526
1561
1652
1640
1538
1561
1561
1674
1583
1561
1663
1743
1561
1686
1720
1583
1743
1629
1572
1674
1743
1629
1788
1652
1777
1880
1720
1766
1834
1800
1686
1788
1743
1720
1834
1891
1709
1800
1823
1811
1618
1800
1583
1800
1595
1811
1640
2085
1993
1948
2050
1914
1914
2016
1880
1868
2039
1857
1993
2142
1731
1731
1811
1674
1720
1595
1777
1572
1583
1731
1640
1993
1777
1993
1993
1800
1925
1971
1754
1823
1914
1857
1777
1902
1845
1572
1686
1674
1538
1561
1652
1629
1538
1549
1618
1766
1834
1709
1777
1834
1811
1674
1766
1811
1652
1777
1857
1731
1731
1618
1766
1572
1549
1618
1663
1549
1538
1538
1561
1800
1788
1674
1800
1857
1663
1766
1857
1720
1754
1834
1868
1709
1754
1606
1754
1549
1538
1572
1629
1572
1538
1504
1526
1823
1595
1788
1834
1652
1766
1834
1652
1731
1823
1652
1766
1857
1561
1674
1640
1549
1549
1743
1572
1515
1526
1515
1538
